1291203
1492018
805544
1357009
390842
20510
1229187
1392373
1346069
453946
1123522
1046860
1215603
1381747
1407207
1486854
1309234
484807
967441
950592
1120917
423735
1429084
459783
1552979
1134113
376877
1461615
998431
30173
840777
1509156
1518480
478590
1283066
276787
181683
795081
237054
1230361
1304401
1317720
286686
1050666
296521
1196301
1480430
250626
1487429
985870
692673
1497471
244288
1450665
420443
1004905
1183824
228875
55289
137130
969696
1007133
375426
31616
1282682
771103
1367908
652145
1207414
1315640
1506225
1366463
232728
1187324
1298192
219060
1231484
1290232
1036400
873808
332250
1260353
1071406
203960
378379
92920
1246534
1180022
859455
1374894
1241102
528174
502473
871039
1062068
1500500
1266933
706217
52683
119871
1148333
678518
387043
407069
457204
1235681
1475955
1116176
761800
633742
1433057
929244
769526
1070559
1493396
1193110
271934
246639
1399681
1352088
1500321
848425
1170320
1344608
300711
416309
1029995
1235912
1347862
848559
779149
1156079
1290281
429560
492910
137979
279002
1453924
1079155
1068606
782723
967702
1532676
518945
605613
1232282
1488515
1116544
1133126
610042
697871
1056945
1533245
340411
192383
1180866
591369
1504769
604720
1262674
880390
1174521
1492297
563042
1330966
1531366
1490996
960760
1503673
1379021
1327806
1448092
1252302
1459048
1466823
280075
533485
1500497
1111088
22950
1498404
300490
1496678
533929
1399574
1325093
1419060
384677
491504
526363
671234
619472
1451452
631836
69297
560807
380393
840267
1274374
238552
369350
89811
192305
1552428
1484812
472389
581987
1359755
1295156
1478440
497450
217824
613255
1459979
1122173
430790
1271675
435434
965263
1515759
1058376
659682
1337111
1461196
407438
823175
1472809
953455
1524279
1192285
856224
411726
776001
688775
1227125
1046130
1136929
465799
1546108
300356
1402138
1444009
319421
612851
1339635
217346
1545065
731551
750508
940059
441322
1095795
294088
1321016
1113085
592524
1119996
624313
1408681
1338166
37514
461060
95596
1230092
784034
670788
1076920
394086
1216953
149896
1099353
178968
1417496
461399
210133
840972
682571
269462
1319308
295132
126810
330126
130265
801202
504747
53908
159289
837411
586036
489074
304423
981818
1100572
339667
548813
590947
734390
1053696
512305
130168
525572
219207
997826
1489905
1017619
1323243
400727
1380554
706629
1045878
658705
1541193
301811
235840
657006
1319281
1266102
1353551
1006895
1450739
636949
1087582
930126
1485961
1170971
1311706
1082972
36555
228524
515690
81497
1161974
940578
1419991
671541
1062984
491345
213032
1233066
1108349
498515
353138
1242815
563441
929502
1361384
1180387
1233229
886889
1041154
1263354
1552257
452103
1222773
595748
395812
482412
98523
605333
1413654
803611
980679
1517340
707592
16004
1465712
219633
432028
48030
1494556
183206
1211435
715867
297941
1386115
349412
827467
1034647
1244481
448291
623794
1268229
279949
1518496
117431
1112420
307228
116477
922465
1342449
207149
1055753
1074922
991081
223810
742319
919719
1297934
1105138
611941
836333
1350087
1293868
355852
1031139
253720
1275254
1223179
1447349
287491
1323933
587359
1207094
800967
1026923
23983
979263
898047
1526106
1367584
1103327
1165372
1088912
992431
1378459
168714
829526
1190084
1102529
1449019
1168461
262316
1167359
500549
1401518
1273037
892153
1029241
1075853
448807
167156
1468599
921659
241737
72304
463640
127909
1215472
224810
30080
469555
637388
844481
1508722
657921
1421093
1417858
1266003
789841
1346243
1041996
1087344
19951
1183233
290363
1257259
658613
409251
975172
382678
286339
1065764
172595
448772
1273700
947557
574726
120279
741314
1323122
522803
1372929
1478806
1153805
1439190
61269
1351340
1048258
1406592
875681
1238477
1050053
1161608
1234717
808700
990676
1443358
401993
1110621
1438428
208462
368335
1462331
783569
1531599
1179140
1498004
1106937
136697
671712
857446
151181
946774
581033
1200390
1336504
308169
345014
1143342
676558
937798
247509
1227062
86959
938037
1418886
1082471
1487251
1368143
1090272
1324717
1504385
68886
1208101
952019
1016930
1294512
571604
873607
1469499
1444676
629724
791174
1082449
1192572
418519
641596
637565
195469
855742
455265
219483
1469538
1118446
210011
451492
1060727
1163927
941032
1070821
1319979
1142821
1168206
535549
28605
852729
1250708
945170
1327518
1369856
750738
1425557
743936
135446
1507655
884381
74665
826686
837706
1087466
52649
156684
440480
1314171
335225
1202857
1260811
378285
139697
1089619
776144
854701
1069840
990537
1385308
1361441
261060
335306
992297
555292
33798
1012426
1100269
122778
1458359
1106941
1241002
394914
1271716
1175311
1541425
509890
1341978
1422747
1062816
697543
1394573
369043
1126693
1430412
984131
942191
1037613
1526584
1152894
830227
200088
767262
490111
784156
1150991
860821
789134
274248
725296
1536092
1398995
1257742
1182612
1494018
1307428
890221
1080400
1363475
1231222
588464
748344
1003907
1003733
419582
821426
1075578
1287633
393038
554194
961440
445446
498422
662748
1054532
1479458
1443515
1111320
221888
242523
1303589
1005265
383736
85605
973166
1332909
1512699
1513467
1106412
1057522
1326500
810335
1008205
1154294
1029679
1535091
1532813
1193289
1078425
628142
1256374
46724
1386978
43381
694528
131989
939569
1525255
473267
581503
1141312
605868
1167428
255577
1233455
858293
1385887
1154319
491041
1412664
995995
1245619
1385430
555814
1543216
1317941
1060763
755362
1457260
463382
918712
905351
1336832
817482
89283
62811
1478464
540413
488692
834240
758229
1155889
239067
1177496
1140000
1485300
698459
1388339
119050
676381
414424
884373
929280
1393823
1109904
850992
25636
1020950
1549528
391427
381294
494866
1365748
335322
988993
781533
954477
1350982
163207
1252844
1042325
1451024
1369639
804685
892709
1449382
388365
1533659
654227
526841
1280715
1007732
1032802
616280
1493965
595428
1360082
1316291
1058721
1479334
942021
1456184
860007
1424921
793794
290998
1511703
758249
1151892
1022340
487461
1135790
1211196
872825
386159
1116752
938429
863058
1075372
1062103
963480
1388700
64874
194111
1309296
626729
941587
435302
1078507
700378
1345819
99466
1335881
1470645
1513875
1227774
727500
591935
403203
1125316
1331079
1483979
874761
144534
493259
1280045
955245
1552464
197095
964179
1498336
588977
131389
1458113
1043091
243396
1389623
513144
928016
1407967
315165
980681
437074
1041629
673772
462722
1318233
765552
1521065
29438
1275302
1412160
934592
887828
136405
909646
1181097
210150
360694
1022335
408922
1048538
865800
460859
409753
395448
1478914
1552078
1312605
126825
1523954
562086
784721
1305749
1291098
872767
658660
1285535
620728
1087184
662757
1177377
667120
1039387
316023
210744
1502695
1105067
1497503
1540888
919009
1405764
809909
1122172
1332949
117393
1109421
1212325
98487
1392709
22044
410190
520310
609718
1258904
928193
848794
928116
1147784
798729
406239
51710
1125299
763814
1036523
31756
1325759
982298
947973
892087
919819
1059305
887083
755694
707791
1450058
1164522
1472642
1147664
934660
1024598
615867
1230552
982247
1485689
525233
1231209
957912
1329315
257673
559281
1308456
1163913
455336
73652
1033371
1267590
1354668
1075685
847252
391747
343646
1541089
373268
314990
452771
1174435
1492578
155722
516044
1019255
795834
1391372
1439147
498226
1265002
931969
1464842
1178262
1210777
242572
461800
1170322
1455760
875651
1376695
1458188
1066574
609072
142529
1099319
1345360
49093
1093997
1006491
1238944
786525
955749
956299
24961
1032946
836889
925901
513858
323388
981019
1315888
1517261
906988
129830
1096749
1346354
63866
1003576
435568
46283
1318187
146545
1435877
232443
1393601
729196
790590
770960
1053919
1058587
536067
989073
1358945
961776
654691
603303
954659
304393
935007
1345339
1393705
910321
1154313
932822
405870
1529538
335477
123230
279716
368597
150702
1009246
1430907
1297914
466204
1455834
221553
450182
890783
620494
939976
1295976
1120051
195254
1221166
485643
1422775
705421
1370927
526643
207424
380253
474044
1502753
1481236
1231175
1027578
91347
1100405
1539084
67779
57127
388433
523515
1426909
1477328
1062419
1008285
533325
490729
1292445
310920
508282
1463174
30415
1180218
1281147
988468
990789
1434105
557436
119957
1422213
989692
1425519
1392651
70715
1434010
403361
993598
1260438
1253535
468150
486401
1235765
94166
1155945
24619
1201098
951785
442611
404158
904282
1108123
1098318
134418
909652
346512
667715
1245555
1348264
238469
1362358
866755
1166149
472826
627980
977540
992545
1156320
1295378
190891
119759
1235949
1435737
975309
1078219
1239498
722008
1381455
1311057
661077
60655
171192
495606
675591
678064
956730
1137031
54379
271393
1164533
882317
1186737
82384
1330218
1124296
73329
207608
163467
138869
1133353
929857
1208440
485605
1001437
84750
1337385
404112
677111
944223
1271737
906834
1017769
559796
170534
1369879
1321900
1138171
88886
989987
1173274
1401963
1097004
92778
588671
1286569
1318698
1112164
1173711
592145
1510000
382681
930530
348393
1174526
1445604
1235777
1268274
460008
476576
857175
482237
377550
104761
427274
1493250
795315
1338089
1332078
885479
1076821
1378129
1206873
1366284
697477
426172
998230
469715
987232
900351
1386744
30083
1382663
1221988
1172933
1201180
1170643
1152262
1486707
886450
1140020
781220
1350715
1210921
540575
966221
19445
156883
464270
544120
158855
660470
1333113
711920
978036
1421240
69186
1400980
88074
483475
189566
160720
1117828
949257
1553564
312669
1219887
1443674
863557
770400
1264906
560306
79179
1041472
150717
430773
1343768
730036
1553414
1038595
1482227
1113768
1473279
20333
304846
1111614
1403065
1035244
671548
1286108
663960
1278627
93498
1521497
1183193
469625
1201666
373428
970849
931292
1169169
148170
1455487
1522577
1391184
961151
1438452
418096
333002
1476738
1359471
481356
728244
583710
1107839
956294
467783
743226
1420408
533362
234375
1383752
1219178
926305
873613
85314
1273713
198959
512729
1511652
640188
160452
1101432
679486
161932
134619
1407307
1328002
1467119
86146
779147
1350836
272995
421391
1361624
367470
967559
1434518
1320924
966691
23475
198816
1317875
941094
1481214
1342004
797314
887122
224704
1083841
1048044
1253511
1424388
493638
753597
1338432
120558
1448987
1125540
970508
776050
1263877
1229170
1496015
876606
61908
235986
383285
1427190
1371605
1144063
77495
1165551
1472676
1337870
1489344
1076645
1277802
1310234
745346
1325041
1460966
625937
1377505
947630
222084
937876
128344
650232
1250961
1229542
762157
1100536
1544804
43629
660692
1259797
962359
242224
1387049
388693
119471
339891
591166
1454489
1411348
883487
302291
859440
461888
1490654
1301319
213128
1445545
1032864
1278669
608434
1382912
358047
1470677
654467
1466279
1162562
817784
1485541
186039
1165445
486482
431457
551188
1528745
881477
448985
1038886
1296753
1376633
418861
271648
1301817
485176
1541128
131869
655923
23561
404694
919487
1336807
819403
1284882
476836
1085304
1319414
1336221
919885
1301786
633405
1194162
1337831
1039524
1303452
806200
1381271
1400919
1071494
495865
240387
1396797
690093
1026273
756737
861070
164055
312874
1212674
1340060
811341
451472
1359506
71943
1355536
1386563
461792
846283
960478
1335038
1527189
982338
1504275
804936
1184033
802083
1122652
1186613
1087048
1287238
621321
1513779
1084999
933310
1522836
339918
918699
1331049
1351323
17114
973903
719319
62530
587777
1021422
353720
1287398
17579
1263606
1037606
1267045
1250205
865326
1393289
1128150
1012851
1154756
1431898
427061
1479194
1315570
459084
1093348
1269082
1324771
1139772
35615
1287644
135264
1379029
976506
1008930
986946
1028972
701408
1065485
1013845
1369669
580262
181025
668965
1229324
64106
703431
1321123
37979
781251
134501
1535492
1199841
1411650
1028644
1421380
1314657
691040
1267514
770787
1304890
1057497
289539
92364
1302420
1383081
747252
1213269
575361
771795
1352033
1493292
1079891
1108974
46886
254639
1523183
243211
241824
1103293
33608
1447988
912399
1535761
1431419
148709
1327344
1063337
349222
701016
1426977
1192839
431991
1269647
993127
972768
785122
189986
1495917
731351
1182934
1164638
204549
1196655
1074431
187074
274001
205444
96613
361326
312301
1327378
899015
1433299
1206675
614579
488167
1162334
215781
919631
801204
20686
1397712
1535115
1213903
1205269
1541388
1474045
1113818
1492026
940593
782847
1143952
1431472
1415691
1163356
1233659
762542
590900
564146
300186
975875
1219714
830464
1362830
966124
1485647
289749
1228395
519830
591498
1304346
1518705
623654
1280265
1467287
1311832
344099
282726
1459993
1293755
955625
1390293
1203035
1507601
1456555
699086
1469601
901150
623649
1041297
965760
1025126
902208
958294
1216643
1514132
809782
1145117
665792
407185
156936
1517090
205411
865744
1136581
489633
620390
411032
28040
541013
151058
1169388
1345558
1134170
840389
312443
1174188
1056977
1171380
1366228
1031532
1473665
1433144
456655
1499627
1140544
1404195
1451896
31914
1153499
1088373
941426
955947
1275406
1051335
1491644
885008
1431712
791606
826427
441204
403844
1181442
1533920
1157030
499219
1492627
172825
1283439
958932
1005568
1331040
1192025
1547038
222178
1522335
1279639
976762
1497780
661268
81275
909577
1515888
1198843
1090577
1144248
1070893
150570
1318027
1150046
853432
1145166
1047883
1104761
1339399
977851
67977
787288
1509818
1053247
1437983
980276
306647
698453
1452536
1228817
764422
1433212
984885
283332
156583
1508238
971535
625991
1155143
1392484
425058
640267
787773
1154339
651227
710934
1160207
1257611
1327183
296173
961862
664637
139456
460739
1151795
1066859
1476344
1155057
161120
523002
143388
927985
1310840
702216
1165587
872382
1231002
29948
697712
447928
1291009
367277
1024816
391007
627468
528996
110766
1302185
356514
1182146
281078
1326756
543292
141340
1462550
1328114
1207116
1428612
1543688
1062220
1373609
798157
881167
1309303
78145
1121878
1208194
1386647
1161400
596208
1154398
1464077
1504438
1365142
578057
959764
830965
430210
303256
504589
482669
1010381
272337
282913
528133
315639
933424
1436901
1108488
446389
1013416
1505806
51967
1232344
1202395
881503
1225408
1193797
713611
1116521
1314704
1276928
1312815
1212168
936820
463650
1029278
392523
662524
1274971
710692
936370
1285639
1448313
178295
1445094
704553
1353814
237698
1138820
688089
553890
975563
1031565
1009838
223912
1021808
1024049
312798
710622
321541
1326975
444631
1271522
25784
225653
1476621
783174
736433
1096755
1038957
1391416
739079
137288
1053020
1153594
1464032
1004543
795700
1065344
993842
1371671
1033418
369664
586008
129681
287052
728295
426156
1471123
942480
1211227
1051490
1001137
937807
982696
831338
361790
876316
1226408
591932
1241837
203798
711852
37080
896853
199626
905600
1313277
1532669
688168
106920
1472799
1300291
1510867
1548906
1429601
431072
389681
778025
1307281
224469
796932
245940
856145
679114
104968
836365
131297
1013970
883381
1269304
1409439
440407
311283
777780
1475878
249841
1324443
995310
39631
1527554
1470064
755823
361781
917405
920783
1302559
1289167
1497114
1176110
1216574
1270065
440109
1157785
1528541
1391153
344058
56698
317872
130153
242027
919264
1024421
189024
230307
389947
961544
434310
818722
347265
848203
627106
1087089
1138546
845251
1015197
211695
1547713
1267420
1475268
190850
1263529
218266
1226500
783324
1346033
1396035
1094092
1278281
1514438
1050190
1257186
995173
1501353
1041725
333254
1314114
983425
964301
166105
1351624
1474216
1405719
886836
102820
1536698
783154
1104398
1013997
134819
76825
88418
1253289
1005041
1222553
164634
915454
395853
594722
461539
1351491
722632
1155575
651522
429203
1147500
1355909
1364561
630597
223226
1224919
903848
543028
943446
950754
979508
403086
17275
667274
1180508
150041
1025159
1133179
1256133
21881
1232168
1007650
746661
1480710
1376696
1368529
1307977
883598
1122770
1501739
1463425
692869
719492
735623
1428563
439721
682884
1117626
1151845
1150258
1079319
1533043
1134819
326500
237594
1254055
1375135
1233494
534418
1120875
1541104
1316399
1096940
1342905
780052
66412
1184115
1158124
836786
418932
1023502
635036
828875
1018502
730545
674142
1520151
1241592
20389
925284
922646
249614
1064481
1351387
277638
598257
1365311
1035197
1264150
946254
193911
1037119
1452436
949533
336375
479752
1210942
1487097
976953
1497341
958850
825680
948620
1060099
1194496
1223552
1178745
1193305
65131
675726
1168585
798889
1370041
928047
61707
593081
1060742
990725
430796
438846
1198483
1238595
1544594
193910
1519450
152501
415409
522736
366204
1128152
259950
37056
60386
1262910
957514
147801
401366
1498509
493569
313179
1074408
443445
73589
1457857
1094034
401503
1280470
1141549
1499182
988307
1267812
139596
1171782
1291942
1335930
113369
1317192
433374
1080557
1495607
409625
600279
970263
1328909
863713
541724
1154754
961161
1254373
385764
1096748
1124145
1319235
461929
1438694
969089
1046886
1008959
1117898
1210750
811379
319954
1485152
486577
876666
132925
1229212
1305366
1325810
346716
1363000
257057
882014
45880
1176244
912945
946102
466518
556459
827469
620220
161839
417410
258360
876541
1408246
405419
1413348
615767
199585
1436582
1028514
1488574
141361
957359
1308654
919659
1513445
1534845
952782
1492202
813624
1083491
466030
142546
1446891
1226055
888544
1025191
1269450
596468
370587
1534325
905572
521359
974513
1200774
211775
1329779
888560
1216530
80526
621941
659376
216296
1198574
1238728
1328160
1532626
1358041
1228192
137467
313744
415459
1440559
929133
955494
1545286
38237
114795
1199731
232916
1017473
709669
544755
822469
403104
1481623
217420
1248909
1125651
1315384
1146714
66071
1092423
144670
1409378
773414
386362
1046748
548226
190093
1208040
1496338
1183081
701073
1547594
374563
986212
41579
512544
587583
902301
1444526
1450075
616451
493452
1535292
1219019
1324279
1355402
1338003
828612
33191
1253963
80529
1307655
84296
575810
1321025
1104597
1290052
1111068
1028845
1376444
553680
981964
1403989
952953
903004
579821
201392
1434461
1269044
272267
396495
1166507
919853
401303
211836
364349
1095328
1447535
1071610
1392358
691970
55662
1398055
250485
129564
495106
623678
514006
1423766
1117720
467769
1050139
1044456
1096865
651478
613858
1166604
954623
117739
120444
1506989
827308
1181770
950372
297216
1087102
661084
116776
1327927
564852
27705
1537387
158588
652735
878688
1136154
1541290
697821
1470046
1320678
452271
1064005
1225745
230569
1317465
404729
1525217
133092
966982
326768
1284417
194609
969103
1456918
1186780
297479
812902
1481531
1092015
1449055
543148
88971
1060950
312783
316010
778540
80014
1113702
633669
280491
471726
1419173
703395
955171
485935
1106260
570134
203290
982194
953655
1401968
1086341
1205806
1493809
902122
78412
1022578
1516876
39407
1153097
530828
52604
1178797
1328364
758477
369841
391858
591657
500534
632426
1000982
1214843
1431085
1072204
248882
1190692
1445166
110286
1523529
1496422
1542012
1499747
1287961
1136890
185381
1156009
451355
337828
1275341
429892
350597
428708
1501038
721725
58550
1371508
248920
1440162
980952
838822
1272061
1387222
839157
1459283
1184040
45507
890704
960845
975310
1332245
980142
54051
399175
1412722
840900
969986
348862
1228509
718487
773404
103567
1455931
1425938
1547908
1453862
151166
1083213
1006075
86454
1330317
442952
1213491
933950
106291
389316
843727
1499615
1075126
1316113
956956
537913
1026375
1045007
596245
942535
1396388
108123
1299652
582570
916806
698330
1152975
1308739
1498831
1194268
274836
984697
1391836
1301078
934235
1491365
1107919
626603
1076217
1205037
454972
1230119
951261
1347706
844847
143632
703260
297844
1202601
1049242
685983
1111304
536342
1397801
768337
1246199
693111
1531558
1285134
1376064
82051
136991
72020
1007539
850190
1023169
934941
394438
513970
1544453
595220
1534060
29115
160735
1356590
153597
1179256
938660
1173583
385153
378707
408938
598691
527993
1409092
653336
978087
165045
859619
605560
1506841
1058354
117384
1345491
1172469
17385
174137
1106731
1246237
1217904
1545898
142390
793907
938013
479179
1451635
68557
786669
1443832
1143733
1499011
789171
723430
1166557
1074261
1337382
1500517
137564
217060
807897
1433678
776917
200031
1526770
1263008
770616
436201
439811
208329
1038776
452943
758470
1298548
970211
284389
757568
1015493
1200485
918789
159097
339507
914480
1231381
1356298
798792
1544032
298454
60145
949610
483480
419511
314135
1527841
558382
1013814
1382023
511134
1264638
247045
271810
247609
1369864
1506439
125041
942915
1188023
1522733
349303
1513449
1446781
1448667
389265
288607
744420
1332308
1071273
1191047
55895
1209175
1079211
1073903
845650
678071
441489
426569
693379
1501536
309767
1518728
1140271
1535845
1170783
1498291
470237
195901
1163007
376990
1334677
52761
420059
55109
952370
190839
70529
597717
1266711
1473182
1110503
1514327
946508
1143436
1106449
441730
883427
734718
563320
345238
773500
958696
643795
1249191
156100
1510716
358456
595449
953863
918423
246118
549509
841001
326172
295564
60253
1529423
1427857
437064
453275
1448675
1277277
177615
1552891
253171
1420558
164467
493846
111321
192600
1422588
168705
546268
1380045
502727
98458
463763
1449815
1392252
1423436
1360676
23658
1152788
136037
517150
1127456
173556
332347
1151858
59366
1299953
1491859
1453904
1385039
1439305
540584
1206796
936934
473991
1451931
1285453
1442711
424268
1151362
1495685
425153
963432
847257
752412
1423975
1196922
406369
861779
20446
723810
1365259
1148946
1496521
1514042
450691
179836
1412058
474102
30595
923880
927008
908758
1540766
408224
1217641
1352321
528818
84748
201642
788081
1301209
1357875
1027419
962369
1078891
608829
808984
1182901
1496063
747180
620313
1001012
1480074
386146
1234520
1364245
1502818
986544
541305
497092
598438
1204135
1177941
1549174
135430
1484189
558391
511822
1348973
1482990
1032354
1269700
927027
1106553
1341498
451469
1161355
497398
1510877
460702
696093
197177
971647
834364
503904
826108
466004
1473858
1070165
726844
974418
351036
1183388
1325908
735700
1156888
295389
862336
193212
1446864
1107089
1545390
1213683
852482
444869
1077168
853361
1217103
56310
1029436
1258397
220216
1371425
481135
1360372
809665
1219496
815436
636088
1488854
973041
416264
1355773
1460819
948002
1222412
1267486
1478763
1228381
221954
1351907
1366243
1125980
950675
1166387
276977
1456098
1455247
79546
1276236
1119857
266795
145918
96213
1331213
1444949
755777
48695
1532637
1282736
1532728
239670
112658
1535241
1397408
626988
917549
834340
531079
379897
109158
1111352
1164215
1400995
1488744
1389603
1520656
278361
1192885
80244
938830
627997
1042743
900927
812121
1522330
520354
29045
1341223
1028513
803200
276375
1039081
1300409
1451612
753269
76174
136216
931776
281551
789178
1336674
685125
542130
1149749
767444
1049701
1081352
605449
1137725
206636
1147360
577118
614750
651214
458051
1357238
1047347
987448
1355477
1116918
419710
1216189
1390105
617462
1492159
520893
1100014
1059950
1142075
49420
389099
302378
757780
877303
1360758
819831
1194493
998566
1075663
788978
949744
599429
385642
1440617
461868
1245545
1516626
1098896
1410000
862775
1194781
1213352
1224399
91420
495401
439587
1151639
58804
949802
619013
1273590
66467
938917
1397322
1178721
975353
1164416
925857
868872
693130
430075
1104630
998072
1143008
1393236
482065
973981
989437
1516855
897171
975989
932906
855615
1278005
1230818
1194391
219500
1178807
1529963
1243871
871084
434128
1511354
980308
630148
183327
1316358
976191
528833
1365029
1269909
459191
998684
1465904
901409
175823
1440838
1051300
1186985
1089253
1032943
1350934
561862
103849
139276
192926
1183086
955300
861836
1139234
318268
1495565
174800
1079311
1426849
338480
1495319
1404356
594815
450211
1159489
722320
607215
738238
1464292
583430
1053481
98109
977622
800639
1195223
29061
1382659
1100323
141616
1422901
19866
1507720
148486
943877
1496560
1174289
811729
1510838
905439
891940
1123022
988249
1419598
911334
1540975
1449220
1375771
831369
1235544
877279
1440639
859938
1318654
1028553
1261941
1523766
640016
125083
959715
1104318
734513
1466621
699438
1313613
713517
1444405
1048055
1302030
62897
1511094
811118
1386908
1186587
1269262
1362038
1465350
506576
115227
954544
674239
1058384
971939
101084
1296309
956518
50851
386893
631594
1542475
1118177
1221914
1040255
364651
1167627
1466185
659669
1359147
1125588
978907
1401481
1282577
805884
1259120
441391
1182982
1284346
1394200
986542
683669
672866
1255880
1340545
971338
472704
559329
1101988
1458084
517488
1160377
616221
1458582
1305361
897869
697593
1539184
876663
962624
1514966
772057
795880
843945
197917
121129
1335929
1234725
1106922
796071
1494603
1464155
485500
1108667
413243
1067838
1456407
603251
356805
133290
601447
1518432
1174407
1280027
750027
1340673
1359860
1290243
1218435
1250802
485810
1546356
1519815
1528049
445256
1482650
605270
931268
1357545
651627
497677
1029238
51581
1532094
417869
490978
289691
995499
34521
1514836
765900
1354065
1277190
287008
36656
726974
1371831
998560
1068149
1081289
319993
356731
134646
466299
1180095
1504150
1459010
1031477
912183
29645
1489682
1016970
1309959
1355795
1156874
449188
467342
640743
468181
419668
207437
1329805
1230311
418561
619863
1101010
1183421
1207305
1416821
850853
400633
902614
1030521
1123394
1412135
1445905
505019
1117926
1386661
189204
943115
1263449
727891
113925
1078560
76713
469990
1537776
724803
1323423
1326992
913164
457218
1522958
1203874
1139145
1078387
290837
590811
931520
1296611
1470556
789370
466643
1225258
82638
1159625
1425718
631951
1486048
1243732
56319
885505
1422384
792335
997282
1466926
1493159
73545
284123
64303
1476669
1202814
1511433
345499
953895
483489
903983
1469584
1499998
898408
447553
1037232
1313204
840867
514035
1296626
344785
925637
1531787
940243
1030877
1417330
268671
1256953
329114
1011293
1469285
1004537
1221441
1446415
1067941
593859
966326
1133401
919286
1452724
121289
1537498
1160756
1425352
1414492
902237
836955
1007673
1472365
1036064
1302671
329042
342351
1178364
485909
1054941
895524
215967
1188968
21366
1232364
478268
902887
1258619
1199662
1378186
322219
1475058
1425207
1278944
152527
761541
1408550
667360
1254746
1196656
809314
861253
1364189
1173180
1106153
374557
1328061
1187642
420839
621626
921875
841679
1233869
1109225
1147638
1131408
1544501
763019
1373913
900438
60148
620530
1551691
889082
881681
1170734
537490
1073460
979792
1480367
1009540
1454661
1178718
1058397
1384946
1536620
527662
1024394
412718
1472429
1530691
1318067
1368371
971929
440454
1009537
1128003
1254363
593265
596392
515768
1539570
647521
1312811
1016679
424944
1463145
702657
455296
24585
1143931
1061456
1035701
486314
1470258
192458
1546432
344423
1515827
255297
138486
271182
1289220
1099954
460938
370086
1492152
779471
1042744
1348029
73067
190770
1022888
1267179
1020750
890724
1515713
1108690
944981
1085744
391700
909561
166017
1313285
1088433
607197
814563
948578
971380
1407656
1149439
811753
1340616
372499
144526
1250257
1060155
921476
517157
1322940
1374972
437831
1211929
381194
1260556
980788
180805
777702
357503
981554
116565
404138
1231931
1553485
175046
1486080
1191469
591198
102228
861328
1044602
544431
248210
470186
1024131
940343
1084933
1439786
1244919
899334
1100492
898447
1110326
1384021
1242309
350649
429724
700629
1081909
1386778
960571
1261655
1151075
1131736
1025060
1214933
995876
619077
220523
1368568
1095806
504095
110659
1480400
1335096
181434
720482
1460306
635867
175791
328284
1516085
1197993
402509
1421790
327189
617788
1191414
268123
1470738
916736
1284733
710272
17993
1294792
1280811
532916
1080925
950282
91621
1096241
1109519
1143467
736820
968228
743761
1147507
1094959
385146
1391851
442206
429285
111558
1123890
210209
1461753
510082
592048
1040624
1529977
489217
1093619
1221948
861081
494762
908361
1336226
715799
1099505
1094579
1143038
1156950
121172
79636
306174
1076840
1312340
384871
610419
1496290
367367
668800
728093
90263
91700
1492393
654267
1316350
998889
353217
463253
1057006
882134
1085432
1319205
622249
1513293
1126872
1328578
1491914
664956
1524270
106331
162959
1143210
1490432
1013496
1270863
975975
993399
1011701
1496464
796719
124595
79302
202875
1338349
112625
1490973
276186
1512628
1547263
570374
850259
965118
1203685
788135
1092441
1411443
227942
1513092
421622
1543079
1407084
1470128
1470605
1124684
753370
410267
1018821
970947
1316102
106606
1027887
877468
1507060
1149687
1080632
1362829
264357
218334
1101019
768852
636002
394960
1066609
1215113
1517316
1249976
356141
1189965
159297
796302
863068
1085693
1462674
1272967
1031882
1443205
959881
1181513
433174
497765
514275
448785
530029
605715
1518207
1512062
127310
1213315
1312229
1043946
1180763
1160000
420796
1188588
499997
1513803
43573
1400377
991441
1071231
1180099
462066
1464199
318164
1366908
1060468
1202088
1057954
1053965
652262
1455242
1055485
987534
539244
1470424
813300
215642
863425
1100457
324524
1409585
168741
1313264
165141
1064651
254964
1214676
464220
1397891
434674
1549255
1052726
992119
1040716
1299436
1175557
1285121
137997
1267007
924617
491166
1280675
1177036
1482141
257271
1344834
1447799
343974
380041
1151823
141024
116384
216771
242240
1000720
366317
1503650
811059
414321
78191
534101
1488116
423450
1427252
1042069
685761
520986
99245
1046594
1027756
1011417
796713
971204
217428
620901
199262
1454401
761025
58018
1042944
1451927
1204994
1165923
461461
514674
22366
1070622
1008742
652497
897415
1289592
1447868
1026062
1194244
1220822
1111203
1108597
730911
315282
1289657
1526297
943675
433459
1072134
157714
344872
516751
609519
298539
1484152
665126
291930
1517521
817379
1132531
207759
1477055
1223590
913564
211863
1089929
1200801
805926
1388736
817670
242531
521192
1075362
653785
1409371
391218
293531
949701
1467087
761114
1285577
540933
1342211
116824
1441259
720663
637294
292889
1187766
1024692
140986
1524901
36307
1440869
1248857
1265859
1056256
1509975
162903
979783
1030736
1052616
1404347
191804
410465
253747
73280
1480424
1251248
335079
955588
141856
1452140
1018124
1360535
177543
327323
1358931
1155879
926421
1369280
543453
351300
1295493
988851
1234545
1494666
283003
1523300
580292
1081140
1368504
684213
1549037
15892
25468
1222885
553450
105889
788766
1467933
1346528
469299
233654
1395132
1303731
238855
109164
384835
973884
1273433
1064412
1066757
1503124
500312
605718
277961
1089401
1140924
866709
687217
59051
809550
154499
1507633
1185374
337535
992369
423845
394780
1409852
1027087
189173
126905
988157
921005
1526698
1260983
660583
254872
1453645
692076
1254982
154406
478572
372388
197324
1108146
1145574
123690
830173
92168
1075341
1361685
658049
19348
499059
943748
1410576
1184509
1088139
1304791
32632
1457562
893247
436935
1160984
592232
198168
792536
1061302
1137474
148939
1428680
1025948
1434114
216580
34504
1335082
658724
1498907
903042
65759
115456
1225108
673940
186609
521110
858941
1494500
223288
478174
667367
133976
424252
462666
1133877
990199
192517
400631
1416818
652538
384468
1500271
588882
1170231
1494638
167892
1298178
1232745
1401779
1257894
1201243
682673
119478
425837
339864
1122910
901800
1177221
1164392
509606
591253
1535607
976196
1495775
1216675
1488360
1543847
212209
1388649
1112009
768451
1535796
1222278
482407
974288
978436
246280
1070611
295506
702271
1449050
1141265
314953
241432
865688
933622
1194904
1495941
1192179
1252599
1149192
1324255
26908
1224999
355952
1232891
44489
1180242
1317704
635151
1492550
935501
790047
1474825
1511177
401991
1078771
1147386
1317576
1427071
1314174
127209
950259
973883
380166
273290
484092
224788
1046332
1348923
30765
1545260
1169467
1503115
1529625
265847
754370
1059315
1473622
971007
298556
182505
105364
350622
654176
1172675
988724
1448535
1329994
236426
897184
741382
1487621
1298342
1280346
33738
1092041
1057811
922246
538710
1080073
1389388
981197
1453906
979999
925803
907121
618979
87861
624824
959082
976276
400920
593229
1363977
1032057
149972
1102958
190485
1156730
1361714
912367
437563
1138069
875990
539659
1016426
315650
1273346
1087104
1274827
213938
1252511
1212641
356552
31489
1065889
1399188
1366545
166377
1078821
1001927
900997
932770
1021953
919321
197628
1103552
929739
898519
1208485
170918
94147
793344
1551065
1279911
858227
505060
1068860
945319
382833
926882
194964
364428
1468198
118408
201398
430167
1228041
1525578
90975
75349
1038631
1172923
390882
1104850
1507813
704454
1483392
995212
511567
1292121
1264623
1216658
420606
467092
1473311
1012889
646705
1491999
163515
929924
286482
1309197
1271289
611569
1043135
237641
1029417
961017
1155132
457898
1493300
1442756
1243133
886034
345213
1044717
1039646
85164
1447462
980937
1342700
1419418
1235541
456151
1259597
1118043
925782
297470
417330
680501
1382271
587696
37761
1271754
1088446
152406
1514707
1454214
1191916
1232911
1508598
1334732
1106168
1050775
789406
1000478
1087376
1249680
1441567
1052577
246892
499358
1217484
227391
1097328
1106229
1436964
1456482
415363
235401
692244
1215639
154684
1085165
1198861
1021714
250136
383002
646931
1057063
467679
1386707
1175632
646080
1009689
910945
1478100
1407421
488717
959347
972224
715500
1440279
612023
1141519
736725
1078502
1024144
1289549
1202445
1101233
1060928
709520
708659
1317956
1167779
40449
1450051
1367553
276516
1366432
1187824
193087
1478041
260966
1332064
551557
1531068
686304
1242447
1491929
574600
1166669
810976
1356076
1306307
1553420
1291027
466737
963347
628977
744277
1093034
788510
901308
377537
1442124
595489
1334705
1500006
16033
543150
697710
1110736
912806
965230
108163
404459
1076298
95508
543370
1358831
978282
374648
509124
253705
1363984
1483742
547232
1167693
1093283
1394618
163763
111959
51068
236736
1006637
1326601
1056621
1532660
40460
885836
741950
1285313
187938
1181625
1346830
1486156
1342451
1219007
716374
519390
816349
947312
1301953
340532
666828
94429
1080059
975367
108382
1160558
1162626
1448796
1529370
1346123
724022
547145
1107447
948185
1482391
1495603
647719
942073
1493246
735388
472089
992769
1116530
1039643
291638
1333103
401033
1382995
1082377
1049393
1545674
976254
248996
1306816
1220571
76973
412589
687416
971950
1295595
957436
371552
889024
941098
46624
1158768
1422569
1116503
1391025
1343904
129077
1163594
1097095
915571
315918
1266294
1316189
422481
296896
1000532
204935
858212
421505
45794
44600
1116301
1069577
1062734
524866
793441
1259758
1127605
1142403
1464485
1403953
605831
1156783
1443109
1198631
950185
1413595
977196
646455
1459411
1132535
1143938
912800
493377
882054
1439008
1489573
271922
522930
845836
1325454
1447214
84764
150017
1390311
738600
1239725
272258
1145941
1406981
281386
1492266
1027325
250356
368757
628671
1153505
1115802
742573
295507
1116702
628420
680650
1442877
425115
1192477
1052885
1491819
475042
1392934
65229
1438225
894866
157457
130161
129187
1361797
1432375
645818
1498686
1537241
174504
385967
1211551
1463804
1459482
1320152
939168
1486989
26181
997697
512932
481547
1199785
1068326
739825
1162462
880791
1298585
284895
940853
1525470
1055809
1205391
391047
1406967
1390580
530766
1551309
96960
1062857
411697
762954
86218
1099247
1179287
332754
813962
1480675
1459256
153442
256563
854257
808996
1087856
1413339
289513
1419722
854228
375965
997190
149632
748695
1117522
245600
419799
644181
1035414
1298015
859841
491902
1059534
186809
344688
250607
1123367
350837
1087295
175922
963308
1376110
979804
766323
1162991
1264792
618489
1090844
729490
1445949
479838
1175141
347004
621766
972494
329476
490778
1028432
108971
1346004
1149382
972951
733915
933832
126563
58775
1097958
731947
164124
970804
988869
914365
1457550
299379
330280
763465
1110791
743575
1478109
474699
1190722
1195744
229646
1309676
1283464
948426
426170
344124
460743
628940
1322372
1273347
598699
963648
1443347
1155965
74675
1233547
1040277
1496357
349738
1489022
588691
1189418
1368744
1296925
539093
1307967
1212487
685915
1290924
957710
1239773
900523
1089171
1139415
1441021
1175776
1407243
770965
271736
222075
957219
1480316
516312
814454
1527319
1302596
989507
235318
1069192
1182898
319141
918666
1048106
976527
1317531
276447
1263260
1335912
1311320
1264369
1353493
984219
1341303
436982
383236
455574
1300061
1142459
173211
1106201
1312225
287575
1052979
1515287
952747
372693
90355
116760
927728
1166272
941018
1118919
1490514
202486
1314960
1494987
1475865
1201356
890723
273137
536354
1169396
1504770
421397
1479506
1236244
1204376
1190992
490740
345096
1358654
1498135
965911
358708
1127946
949806
1184595
1158333
592278
1099796
1182358
1529134
523766
1111073
1415127
223830
1312070
1535270
1545888
692480
748805
1507375
107315
1467728
1074528
1159933
1369071
1078648
496414
1197121
1514981
544641
1439266
947202
914313
67426
697175
427389
1067094
1017805
297221
51156
355398
1543067
1525865
65250
1137889
438833
208508
947649
817908
441877
1073870
454047
1529620
482326
225722
1288752
1436827
1195991
748070
679397
1483769
1069866
758542
1142863
349254
1389165
94146
1363515
438113
1333259
1404374
1188564
1181678
1466775
344583
1156679
1086440
1341432
197359
1076565
955938
46056
135563
1157836
686619
1149696
1265425
1202948
720091
1002994
836347
703084
509260
1164919
376977
1338416
87271
473707
944520
394696
1063909
630113
1031013
615497
1107657
583784
1375696
732114
1475155
1240020
906380
1263638
301636
273480
1472063
1372932
1095010
692513
1503791
977227
1056525
633907
134491
1425818
324427
1410437
1052811
682389
1519072
220921
378935
299176
882570
1281242
676710
1044177
454373
1349053
338046
877852
474630
546687
1551642
1139664
820688
531701
1120784
330130
863643
1240629
1242905
286885
1210852
675619
1230434
513804
609320
1378274
1304084
509004
1352170
619758
440558
817371
1411215
1058803
726550
886101
1432795
1512345
1024802
383115
1355876
1541990
860428
1431145
1417909
187004
926606
1283152
678206
1512500
1408010
95646
998237
928290
1428212
1457271
115122
208938
1373485
474348
1380677
736153
1066562
1150153
1063472
1525279
1537593
533431
986524
1531708
1466889
217992
1532610
267050
1369473
1209507
1418473
625138
472464
175673
955535
384117
948574
197184
354695
1085517
53574
1005937
834362
1210987
494482
231729
1178291
1385076
561900
116693
1028397
884852
221615
971280
1165993
1252669
965561
1484180
190152
660367
217503
1367535
101762
945855
359091
1467396
280169
980355
469764
1259810
1052087
1338749
1166024
997431
1229059
291745
491080
61261
1125816
1093068
1312712
1513827
1454959
1152833
1058991
359851
809998
1300548
575967
912351
923500
1379602
912588
577615
330023
1346903
1215615
193888
552390
1049837
814762
1210993
358041
1176448
201488
393533
1058781
1545092
62029
780728
113715
1511837
955657
1480559
1061385
1484442
375730
1401054
1427429
672356
1104513
283364
1031256
165791
643946
429225
371709
102579
759449
209314
888753
742297
1035550
560393
48424
1109033
779356
753530
499844
624333
499768
834044
1446412
286253
1145332
696530
1047179
1270514
50887
1223545
1439255
269871
79487
1247304
83072
1052768
293627
1157093
715032
1423271
915314
428794
1171608
901234
201001
984721
1225967
734954
555267
552491
1024664
1551496
1098698
957627
525518
1154356
1260158
920526
433558
945201
86350
1372466
1172880
1105797
1112785
474369
70742
1462486
1448300
55428
846977
207961
1402160
226522
1491414
1391765
1141260
474219
885588
1061830
1204902
1370738
448976
1313364
454495
1344214
1034723
81474
1416270
1099568
1417189
999634
135853
944691
1393201
491522
1139164
902759
498208
1274208
1061469
929089
1421286
1251941
638328
743598
500503
1344133
22684
1168304
1311190
1263203
458649
1247029
1225464
606829
1287248
1305624
342413
1031859
366956
974518
136544
1377171
747101
283097
1428100
310245
1307095
981674
369519
1461816
1154315
1440662
1140533
1441953
579341
1312623
768799
1264564
479488
1518543
122886
1437948
756452
439628
1335466
990312
874693
362773
963935
1510952
1366631
992393
1414144
1238911
1193783
924952
1364133
1093882
1324181
1466414
448182
417317
1216467
1269215
49699
1293449
1110439
161808
438951
496574
991351
1131781
717480
272366
957847
340595
55710
868946
920747
257422
898981
400508
1495227
1413206
1400524
962366
1549610
1493321
646781
17505
1303663
1450339
450679
1494511
1293294
957885
56537
1438108
1055914
213008
55764
1069597
393031
967266
646902
1256302
1426593
292995
835051
1444409
183594
247645
333882
1161922
1359518
855527
1229318
292384
1388622
1018759
1405489
1031010
1309185
1100074
784719
812267
389933
1485849
1113429
1086781
420956
1231053
1239163
33797
1147796
117503
362877
1439633
534005
64477
1174809
1337016
625200
1535296
1137401
1513218
1390424
1544794
617371
1379592
1483114
1336448
888122
1384804
871182
925790
344024
359933
595125
36958
623935
291652
707279
289943
1333334
818728
1501774
957599
1138108
207155
1343369
285192
1309504
829373
1496804
1172075
1264103
332532
811339
1463775
312589
1449887
1059554
559492
346806
97699
999779
1050927
528892
216632
1252856
1346792
255894
1030813
1005210
185384
1276092
635425
1084723
325676
1419316
910404
541527
1524314
617205
260568
1417823
922445
1185593
1081683
1517440
1416639
1499020
786236
1364418
1505750
896239
711471
934412
156774
1033879
1349943
674888
1011438
888105
368641
1339910
1205225
650985
718383
97364
1223387
1057975
1469374
91730
1408319
1483278
1484576
1517068
1236571
687044
978785
595652
952429
46931
472011
1058939
790344
227008
1387680
515856
1103872
1039199
1336531
1152004
879745
252286
180424
1497737
1413230
619703
534459
187680
374517
960398
1317206
1476453
1097602
977511
787228
1453432
706874
1379450
1412864
712490
1185159
1527716
904118
360500
1311690
1058069
1345711
713777
402177
962736
1220590
1344939
709548
1017947
1295087
962866
1283474
413685
1410990
465210
1458332
891666
1455300
509399
154934
959550
1345961
1477245
822472
329605
822584
818030
1177657
634301
308804
1385811
894037
299686
1326843
959905
922452
1138122
637108
1297841
1547578
971614
821293
1305534
607475
1099430
1052687
222602
1176014
1495998
1267294
483947
1411252
646873
142530
1154506
33906
1449020
1517924
358353
464099
1029670
803563
451001
1490814
225962
801577
790108
1550928
990461
214284
1346061
1531137
962964
936523
379454
768214
1199587
1196346
915612
1534293
927067
945215
1220826
1233208
432159
1098673
545216
1457170
1278914
1070930
185159
283461
1459720
344166
965372
1396859
686411
1519621
114507
41266
1149292
280722
1104418
1388105
1369120
1299288
627571
1360607
1057223
345494
393917
67397
203525
614686
1515731
92435
80292
1276687
638862
1465163
1070522
716250
1446679
655645
639786
332981
186714
63511
812906
1498142
1257066
1538529
1426275
421366
926075
328032
1415120
719471
15930
124872
162068
1495438
760746
1496827
1101165
1413989
224292
1359617
1164854
1167251
997301
932531
1389482
1365911
625150
727371
1222122
1248457
1110679
1163934
523951
1006482
255589
126063
853536
363593
363013
1452320
98679
1493944
958226
1186646
415772
310172
946107
1419458
1340601
1053035
847044
1487957
60372
1344996
19631
389104
498693
1309199
1496706
418394
1417599
961666
1498235
457739
451590
1135638
515887
1352465
1300879
1326491
965920
755746
764361
657548
1368766
1312092
1432859
1386578
209678
1323149
1108053
1263621
1376909
874078
1114497
1333806
196495
1537612
964056
96239
1228554
717089
640187
1434792
1035720
1053026
1312295
570626
1080645
1491919
62050
1499055
1181207
586941
986045
1347804
1084567
929632
1105862
1001237
1057810
656327
1250086
859225
983705
1160013
146715
192675
180245
1546729
1275040
1068687
1126075
1413952
668238
1326209
913950
245323
75099
294030
1478244
1466104
1277919
1229843
1370442
809594
759230
705409
106026
1203298
417501
1308056
961025
975774
1109312
179112
1385274
1007978
502073
1162219
44954
260451
1338833
1037390
1538123
572631
405943
738851
746261
127804
1065148
1154895
1512810
1357133
1006949
209411
1181871
935067
1250910
218307
1414960
1073861
1061406
30849
1438298
1081772
1522866
1353008
1356502
1115971
362285
1429094
1525486
1047471
1164403
1336368
235264
1079225
1509216
1531589
1280930
1220314
1092121
1483913
659058
1286972
947635
1185328
918367
495917
1227623
75761
461444
326290
640775
1457128
95890
301766
829356
341224
383237
1155099
1394190
507281
1012458
1095746
826551
291676
132272
1460223
641733
998102
658633
1392004
1123176
205125
1222697
895313
187955
1182531
173164
288127
1505216
852044
1339382
1497452
302280
1174013
98872
1297765
1250215
324102
931421
1394413
675537
1014068
1504292
391970
85441
1345802
1082726
1280587
127382
297473
239236
1504831
1240504
1175780
1255773
1091897
332387
1228612
1137674
1410964
1389555
1438660
297460
1423248
384768
538721
1333774
752669
515202
451790
1116657
750682
1418992
514406
929651
1155657
140115
813880
844099
353646
961679
1127029
631556
351751
1416249
101028
461380
229808
1299166
896989
143839
1236568
1403044
1136671
1096616
1516807
200204
390729
1369243
1197352
1202427
1365124
265639
1550495
1255286
976851
500613
1211993
703599
1472876
766063
1332249
224003
314885
686967
939979
1506521
847987
1110513
1374427
467163
1480992
1118550
1066510
1450561
137736
93377
529054
296364
140052
659151
948998
1227035
480022
1369142
115243
400346
1333341
1125782
1380227
1349973
1073486
1271986
71803
1515364
530109
333407
1544079
1501558
1518599
1548682
1482997
1244944
1010270
1270415
1196123
433897
966324
55247
1100488
235887
978081
1172955
190335
1411932
56547
328093
305142
327984
1012363
1504190
1336426
524392
556004
1254971
619202
503368
1459012
958374
968410
1191923
1489358
1535509
252011
1406258
798836
1502773
1363033
765593
827110
340964
1095082
1395644
1001879
1072573
1507885
101037
15952
1286315
1330004
209132
923805
1530481
1108441
1270127
27321
1261846
240607
976174
988607
497138
303827
1442807
486972
1327092
1432910
1008186
1068904
968412
399043
807187
1508673
1400810
1361834
1111786
1544882
1121853
338831
113550
1204059
308798
1520355
1180303
1392121
1445609
1441723
911159
1001472
1382584
280570
89559
271892
1497843
1457092
1126960
1479132
461024
881194
1428193
952876
1085819
1066294
1077849
357433
1153952
834686
1399745
1142747
687128
364751
1342339
1497512
1366470
1040563
1028887
1347823
512473
1370269
264397
964389
383904
725623
748018
906537
945206
1458095
443693
370880
798557
1123463
872728
1063587
902767
1430704
658223
391071
1039871
516020
1389432
214885
243927
1358050
1515962
72211
849362
1094820
1347547
637448
1029887
1404443
242114
1178555
1456977
1063717
1284195
1301182
964908
873215
1445751
764177
1208019
163632
303736
419039
186318
233636
1439962
939202
1350126
1154854
857828
551703
263178
173350
1380198
394310
405743
964548
690534
1298880
534279
468409
593875
457711
1552689
1089894
1178163
647405
960512
1207222
69145
746298
960502
722189
1545066
546212
1388685
1359304
1372959
849515
1078925
535501
1058806
889553
1483875
1482216
1449446
1254790
1060465
744132
816018
946719
618718
1239087
551856
1164446
457583
419848
637941
1037627
955825
1513078
1013916
522737
1103845
972542
1096059
1421429
1516870
969376
971740
497425
595744
1242484
875859
1040433
1275448
939195
970661
514379
763841
307245
893612
1391966
965571
1151104
1345727
1034969
783557
600410
1136257
261936
1406936
1457127
948018
730085
1460843
381581
197735
165837
1357858
1512003
1473808
726028
807183
1029367
591130
1320902
161281
458889
1445912
169791
1404240
880205
1452811
447424
438165
319125
1408695
225052
734280
1058463
114291
1456279
449937
780576
1240021
1071412
384321
1160956
444206
1542581
1540120
1347595
620073
1439009
1186607
1354908
1280768
1485870
596354
1462762
590466
1399229
873118
1314844
1414784
417417
432557
47361
39849
203646
1068487
711453
912062
701919
1494881
170160
599088
1496632
1446230
1106196
912761
1419303
728930
994176
394770
931004
920272
1466004
1431659
291004
973118
989624
257686
119122
394761
1417703
496845
993088
897073
508883
923014
813557
797273
1187758
328880
1278108
98281
660066
1204948
1254582
1261182
1468585
1172142
1207737
1521248
990188
679174
651911
301587
1271315
999865
1195185
1237781
1318142
1037756
1495270
1380267
1122919
1494490
787328
1122569
58855
1217266
386032
1147506
1504594
1143850
1168181
1307955
834474
1501256
284982
1068594
349718
793741
1033757
1345993
1405184
1274108
820673
1064825
130350
839369
515025
1458940
1508098
1196102
1494020
279883
1492059
37996
703333
1496826
1235170
972632
132543
1184715
367725
1089102
922732
755633
569919
1374163
349270
765102
982896
1217656
1198147
148748
1346088
1004117
516573
1135224
1484705
617696
1420040
785853
832407
440651
1233913
490960
1225863
133517
411203
983817
1111927
1452103
498025
425065
583491
815452
671679
894572
158250
883057
1217992
1320792
976145
995578
1315630
1049258
709755
1349927
1275650
1354285
1445200
520334
1036556
1048801
1322475
808375
271996
334930
931849
989320
200479
321199
332073
916313
1002988
742223
220035
513986
131456
1370878
661094
1460407
961950
463822
1292031
277085
489720
964589
577867
971390
1253296
709035
241235
766306
398348
591858
378517
966386
965727
885732
1391107
1477045
797842
19194
151245
907119
1054752
1319333
734943
1400535
1250841
602009
847326
1236098
610756
1411536
1274811
1498633
1203109
384342
951193
1305539
460077
1025365
1125934
1122159
716496
1116213
16364
947547
919199
1238052
1057430
279458
71144
1076828
197597
255919
242760
305016
484225
1223784
630503
1370630
39567
833339
1335548
468788
1360708
1463016
369807
952452
1472604
978377
1349969
562471
1467463
1281264
1490718
841772
1059938
791628
434973
928924
995382
176584
175572
1241447
553002
143391
1542530
226228
811489
351479
838054
1470001
434862
977698
84650
1077848
589950
1082722
884752
1510454
663546
695736
749523
690537
1185947
1099018
930523
1225466
1216777
942916
1332241
1471472
1256840
589020
629833
1209969
1530616
1114008
1028523
1256011
1144561
280979
108204
1256283
1177805
515917
432633
644407
1036178
756049
1217415
793107
1451279
914349
1482550
1040561
1063248
1381482
1356509
279482
1183927
1491120
1032063
1369955
23443
953725
1442204
1238207
1212657
1525603
1302621
1034585
1274576
1361158
1133254
917991
269160
1202315
1502911
282918
1068900
776215
1012295
834057
867806
547263
1369169
1034887
592970
1151547
1492112
1189329
1416196
267296
1332124
68408
789542
697436
925458
789434
1233488
47853
1277888
308151
1340540
867660
575056
970463
900426
539845
396092
1222366
428105
1090049
49115
902896
1292918
1305471
1529678
1491764
1071539
222493
1289723
528667
364851
375394
1349203
292347
1389029
393113
272415
510819
1183805
682309
541867
670635
257412
1527630
523076
1535089
1103089
355802
1151008
1215827
574799
777751
748672
145024
214603
758304
1361118
1092375
692491
752215
165199
1239523
730254
769868
838590
1322530
1063734
1277448
1408565
1345720
17898
943973
162468
910800
775506
1496701
552393
38806
638892
1538791
1519607
976376
781960
1379674
1472183
67074
864326
379866
988049
122641
1363732
1089664
175942
976067
1219916
955617
1116290
873682
1232866
743267
1512414
1540158
1053441
1142615
943299
213863
1285735
858823
1179462
1155124
921286
503203
35032
1279882
592659
1045340
1364105
1249557
767941
1482979
310324
1520000
1526842
1440052
1455259
157728
1488987
561211
122374
232950
481752
506502
1063821
1211872
1430740
344978
1392675
1010353
675265
368333
154533
1049263
1216856
1285359
1104259
1330279
570728
156960
1132823
1479119
69972
1482986
586704
1295993
493030
295039
1080672
70784
499906
1087930
335991
730199
941499
941326
825583
401205
1552382
641841
1413173
1285244
187755
186645
1405615
627452
528338
716744
1461264
641277
615508
1046843
254342
1507200
1282984
121522
1104566
132390
1019082
583339
977446
1552616
402093
1284820
1489641
372221
271290
1529683
1303262
1153649
54930
1213661
1316087
1378382
177748
157379
1433107
100786
918318
1433394
910600
1297687
918798
1520431
915235
1077861
1357559
1465716
337162
1209140
1454901
1004619
1272311
677828
1388678
202021
731245
1441718
825064
650795
1303618
1300677
1395769
1155500
1510291
1136389
93679
1063095
1310850
963256
539103
1525755
1316821
673395
1417777
1032188
1453297
393077
1522447
1295977
1486447
715856
1213441
508057
385995
1166225
747572
109946
344373
1147740
113709
1542630
1144489
176421
793154
906936
1524858
492418
1185844
648489
1230765
486857
926802
889949
1110466
1351797
598743
176929
489985
613843
898029
611627
1147971
1222636
82179
546492
1049268
1413403
1508204
1409804
688784
916853
725695
968303
1505372
1071943
747056
1314462
1464971
603479
1430760
877618
1215943
755912
320713
1180427
368494
586970
1096464
218507
1024242
553924
1309890
1551519
1248340
685324
1302898
31236
1339723
622538
1527339
239424
1088934
345858
916635
591481
892027
595004
116237
1209552
141329
1136877
194110
1341560
1029831
794265
498060
1466112
1184110
1478550
1003025
497041
856522
408775
877142
1473618
1501205
861755
1277179
692133
162708
44926
1545623
529304
1506925
330230
160244
877390
330499
1126364
1179663
927790
536961
1259026
1315198
557044
1450677
520170
346053
878649
244464
1513310
890854
122662
403995
1436867
779153
1340799
211328
377017
1135901
240783
718131
912823
468941
623880
54702
1097784
1471785
1262396
1234947
227153
1111539
1477603
59016
1076855
630497
556651
1354399
1049816
420570
1142144
1330635
88603
1226753
355404
773786
1199961
992275
1512244
689313
1045150
1296236
1297382
1520201
734889
1365078
831061
626577
1476492
1528638
861523
1520101
661937
268093
96187
1070010
1115397
1207587
1104029
490190
1176133
487312
1200370
1190273
611990
1031079
700515
193468
1203211
939345
670912
1321380
1011443
1234593
1527997
1364210
981699
71931
1517954
1258018
999103
1068078
1252497
400813
1242381
1239006
952606
1404680
1095876
987122
52979
989222
1426503
508088
575152
1530609
712967
950953
484663
1175392
1143509
1387961
1256973
342720
1178711
1510584
1218819
1448093
1110800
1236700
1384438
640713
1127877
44737
1157799
1036823
574263
1287399
591934
1147623
1417525
1286290
1330049
766431
238860
1042932
780543
649171
1024323
1090849
631417
1448457
699923
1483205
873059
1468274
603192
480375
603207
1323529
97093
1372260
1257317
173421
900931
36234
1377417
875140
821158
504828
745478
1368377
772325
115775
825269
1470222
1255479
22674
128214
581241
1450175
769769
904077
1425999
224946
1524269
1399289
627724
891007
802577
97289
1066022
1122634
1058705
1417241
495269
940781
1093556
1484095
1460000
1323222
1187600
1271865
1551048
908676
510683
38505
1194955
896535
767067
1536479
305696
1542569
391456
571749
427746
1407273
908037
1069542
1136096
1222943
1426867
323812
1455540
1114311
1071608
145936
996415
1013184
1354575
1489597
432075
1200167
1355801
821939
126613
304679
588929
1248511
1230161
638271
237178
1319438
558815
661735
1078570
912037
1113251
777287
1144770
1219762
393453
603921
1398673
1135288
700166
1546193
1436470
1435748
289378
1151731
854472
459355
123216
1255384
58012
942424
734723
652416
943408
874537
1456883
41265
1329644
1165263
1341060
1325013
397607
360083
1462624
808057
1410710
454709
431993
1308746
1387953
1292122
1488769
1274350
1117293
746917
1142219
832434
521612
509555
984722
1435005
360844
317606
748742
1212437
466341
617632
128008
1066014
1297577
175216
1322642
415198
346719
1061695
491340
163208
950123
658507
26287
1387378
456159
285925
264822
1012043
281532
962252
699028
1467389
1179034
1365235
944819
847502
1199414
1445579
245654
1049996
1436938
99813
1016133
814655
1477096
860454
1530078
855681
589736
1367949
116043
362229
81167
985193
533157
967268
166526
1530244
1063828
1165199
993132
673632
1384793
258859
410900
1145588
115178
1180475
46414
1050712
1028875
29384
412829
1244007
1434151
906624
1166552
133272
493070
1505522
1553519
991099
596032
1329246
359342
1513885
140498
391503
1542679
869244
1084760
717210
878866
1200781
1116378
1542639
1491423
217203
773437
611928
1233877
356409
673188
1357560
404467
467145
1278918
1033635
1203691
1013294
923599
185609
1327771
883535
884470
1217753
20700
97918
1465807
975426
65487
997393
1031405
1349263
896217
1332904
627874
1064024
338708
524526
182686
991798
740994
106618
66119
983820
933479
711338
1446003
1342966
1090742
705120
704164
286921
702233
76820
495716
1461774
1546358
1408025
460821
1027513
327390
487370
1472716
1344542
114345
1410217
1199684
667345
948444
1023287
1433069
1440619
305876
507739
533531
559105
973646
631028
1522657
269490
489070
948354
688078
1026235
799617
1210929
798887
1481976
316710
1300224
900994
1230951
75398
1223804
222305
360986
764060
396883
1496831
338883
1448742
603687
652004
1310516
83033
1526430
541644
1149772
55350
1422696
180179
1530359
1347544
1090421
1154962
1297167
232726
951738
1285415
1392550
133191
1349984
66996
1352375
1391229
825894
252954
449549
500073
285043
1084182
1194630
381628
1118732
827820
943479
1025839
1218208
439270
23008
888103
434809
1216684
1233533
72696
712940
323993
643639
1525449
1537929
640374
1518648
752986
1186477
78133
121049
344607
1157695
856583
296387
830169
205997
332090
384847
1041849
198955
969303
679715
76754
1156493
780802
230600
516754
1408240
631354
1412262
1050548
1250777
1500536
529082
1202409
1301059
694459
263967
1280651
961455
1462087
318960
458269
217102
1020823
205615
959769
419629
1269913
554863
1340776
163613
424621
696638
1001179
1436954
86158
1427195
20796
1388865
1151070
273906
1486851
263352
1256113
1311383
250673
269379
489632
1028738
1491163
1179137
940315
1033360
1296192
697747
63252
1480818
1060305
835286
1308943
1336510
1331299
221332
1538583
1521966
1093801
731634
1009254
520300
1359222
1452912
571130
978446
215129
1153123
1265088
1470014
1097454
469455
1307414
933887
653385
987753
363150
1290385
785654
900894
557932
1549181
1178299
1338522
45845
482200
556271
1375189
771753
1443094
256398
897712
1277080
465986
1494833
1073675
1076825
1060037
1466655
296584
1190238
1070378
1367530
525909
1542811
1059107
1466348
1058602
1058988
702848
995875
1528578
1087684
81998
351261
34003
1330297
254288
327171
1169296
436425
548439
1310084
1451228
946258
914175
160634
915558
607402
1191822
771271
943898
220499
1393771
1398358
548862
1438046
400919
1075172
752148
503668
34276
1306991
334855
212434
851907
380512
1206213
964835
190703
916418
1413938
793205
1082203
1163734
926912
1227378
519528
958624
1440784
39941
1339236
1123355
1059437
893804
1179156
858637
1152809
591470
934883
1326612
1496036
1145333
387097
1495209
1030326
1254125
793214
1135629
1378933
1167893
170378
739690
581191
1510987
1308868
970690
1303821
1348913
1092159
475338
1116442
1282818
584708
1150450
1423713
828139
1029712
1383750
849989
38512
1092287
991404
1153985
175635
1154214
1222238
518326
1015909
572846
1194761
1144865
927685
165123
1184124
1536466
1260552
569483
406083
803999
1403100
230354
1204649
1551874
769964
252294
743734
1009152
1052604
312376
1031873
1382524
548444
343315
1165685
763655
313750
1530788
700382
1378982
947979
775940
1191652
427377
1437286
866655
142706
1357249
776778
346165
429935
1473658
898372
726431
305139
1535031
737871
926626
1257545
1071865
948277
505399
1461979
608506
352535
1485045
1281881
1095643
145739
606926
906849
810322
102801
1279310
601953
171432
1077374
1212140
178698
363498
1087607
345362
554083
948973
242080
1382218
53298
842967
1376700
1186318
45216
577659
684370
819986
295060
1161045
1533741
1315737
615731
694036
862055
925976
933780
1193835
91211
504280
1346342
954965
1116396
311087
1096640
1436390
596500
543628
1501373
1239742
916814
386572
256239
1333876
1075740
1332716
558715
94116
287281
377427
1403169
438654
1535661
954462
487896
1126956
352312
781100
972425
1051464
1360973
1286541
928726
1165136
96252
802616
1322104
1417527
377124
1532567
1321907
800747
129285
979202
149421
559631
1381479
1537564
484593
1154373
1048980
967009
706515
94500
1190294
399778
775681
640794
1184730
1501740
615214
491927
1121848
902347
99966
188118
505822
742701
783708
1292989
1445470
1017682
170414
650790
454645
193664
1139953
1216473
1222282
1338959
1089285
488404
252609
1496532
967676
587256
484748
484233
1430353
1458267
1464634
1384477
1357706
1194383
1114614
1477240
1172217
1343630
1366921
370487
803804
499549
1203568
1198999
1410623
1174982
191609
354043
1302627
294687
1158167
20219
1431309
1200397
1507897
1114101
109064
1133843
1533409
1475728
830861
382938
262439
23123
705096
143789
1318955
732629
1183796
993131
570231
431207
1044981
967859
1264757
1034164
1084881
619709
518733
1033805
179860
326966
1037664
1459439
726874
1320498
922813
1521955
63665
1269233
1515549
1084257
1210862
738315
1448253
1099805
1504305
1327782
1175904
187168
1160055
1205040
1276057
676694
548834
303540
502547
673277
46452
1187438
615647
458521
75086
1119141
1035505
1175706
657717
1507825
1309999
1159630
1152988
1299263
65781
1327376
132760
1029644
272731
1049366
1245151
1548589
1378396
112490
1491019
196413
990510
613680
963100
794066
105318
1308376
859614
267759
1189795
106345
1299015
109301
639896
280794
1172629
938688
809271
1060711
354610
1270246
1466598
1516351
1180908
989452
1313887
510537
1448997
1360500
1490878
1514144
975243
1137065
1260670
1363238
711777
1093814
747260
966735
538034
1171276
682016
1162511
1232815
329272
1318912
1354032
1015040
303571
1223577
1276144
882282
1418859
276637
99832
984924
1469225
1419845
387348
990422
1010903
213842
414207
486954
1464025
1237638
1124807
436337
636368
1433414
382768
66104
1215345
1270626
260152
1455394
778564
1308024
1520862
259186
1242209
1153755
145793
342061
695225
896891
944734
1498839
1482361
58332
1178097
328356
1319170
1147745
1376315
1413689
457088
157861
109457
1240603
946071
470791
1443980
485887
343513
1354888
241231
1166403
536562
948794
1412518
55183
128669
1355013
1113529
1103830
338552
341594
226444
1086247
1167152
479237
376918
936543
1008482
1162150
1192182
478014
1193778
1246309
172454
1212749
1407536
816949
1455805
42223
222438
1201731
1441910
328094
935701
1067190
1159690
988252
1212988
1293317
527309
1476797
1303037
1271673
162405
1369953
1276103
591316
184722
1098547
84951
643619
108659
1178571
872969
609626
21572
740291
1038873
141483
1199569
1514345
1043851
950218
169316
991986
1101094
1148678
334738
770867
143233
871652
1208924
561983
1181256
1022890
1538197
1204509
867585
177955
801523
235714
1024740
1188830
1331504
1417612
1367764
1133407
1107690
1383882
183568
483710
784157
488649
1090258
1267330
973855
744590
434842
1536900
503471
1538813
1207352
1415515
1200044
928164
20194
1402176
1347381
388270
80061
1191125
1237843
1142616
887958
473730
1537341
1069145
788356
869969
270839
846125
287153
277259
409351
1233186
42428
1280183
509207
601282
292986
1069147
904742
1162778
1214887
1406689
49542
1047896
36972
359118
1407387
30626
1157210
868087
1174041
875022
222932
1019367
238803
673665
1281536
233635
623640
154473
1149548
346670
1216728
506058
1240763
497780
577175
1107688
183213
1396269
483957
895485
1431273
1382056
452942
957487
1120972
628933
640644
210975
1500678
991658
379078
717276
1214663
1456178
1431848
1417592
1067728
1156460
364154
1121591
1067555
849715
351309
1546167
1100307
208286
618831
1310623
1245168
1043260
1110067
323219
1358307
294095
498091
1153877
263353
744637
1104881
804806
60288
1154162
25988
1511455
1233138
467841
1416033
1495818
1533567
982980
553369
664908
440383
391248
249326
238256
107912
541484
1387956
1528212
1526142
1485068
1062793
446829
892497
372195
1471257
1177764
890447
1360530
736390
1473907
603364
597397
1411405
1495541
108002
970249
544700
914964
1147505
480692
1066266
1437677
1241820
866280
1122683
458406
219997
940971
1199643
1081833
1367544
1023077
1345010
620802
65694
256141
1494530
608090
1188411
1364689
1080119
200859
1404253
1068958
20393
720147
1013333
1529765
495754
1420177
1543947
1255504
330667
610626
664151
1312108
1144155
1495309
962274
655181
806968
1214630
932846
165805
954656
924395
324149
1297543
1280511
636488
1467304
100506
1539813
917909
777853
392203
518898
401767
355432
397869
1422204
994938
1445948
1251459
192351
739922
1246188
766660
1202587
979236
1447045
988237
576827
265590
1258962
622017
1535379
746213
248727
1407573
1430774
1213746
858118
987861
673595
402114
1081603
48294
769340
1297233
1545488
190964
1239394
119608
1339321
188970
1401256
1037474
1405611
1513686
693793
95575
1428685
581683
1343393
991741
1273723
960311
982861
400960
591227
905172
1347393
498728
92189
1359155
242788
539058
1530338
1480547
82331
1089740
974108
443325
490911
169832
1219983
1093741
1052413
793778
209826
1418713
42470
415038
920988
137832
73877
942149
1079501
518071
1320920
247865
999184
33941
478750
1441811
1153137
1274325
907041
39999
1425282
73729
1037171
1439524
594561
1072007
1308578
125821
1349448
1406580
1252780
1166541
129201
1209604
1424504
1424600
1156566
1351059
664545
912252
1185125
1487039
1452599
211990
1051783
995820
827084
571318
320580
1426530
1540209
358466
24699
833277
1461467
97559
54288
561763
812191
741517
77484
28245
1508626
695243
897841
505213
1263082
524969
1264721
639218
1029779
1084915
82717
262324
1323326
847862
720243
940600
367041
832432
43113
1402704
479275
1258608
503175
1200651
126743
958151
1469824
674497
939854
1140587
1210553
259900
284553
1491986
61298
443810
294860
1196311
590573
1084635
1327896
199979
1454243
1419714
577709
1165466
102782
330433
166721
988638
1321382
22941
1368220
42375
513862
1371503
188939
1427465
946002
458461
1386190
973761
1320833
960723
1146974
1122277
182946
1323020
595408
1460372
257322
36941
94183
1527302
259351
1388581
1351176
1479933
884064
1251823
126246
60117
148918
322496
1204730
1360778
921207
1552216
659324
772837
1484639
307478
1146780
1380811
1276948
1526395
364966
415812
301609
960460
1383660
1177608
912103
240089
1188692
1051159
1355782
742283
1407612
1257833
235947
1102338
1233393
530102
264466
403356
1393812
413515
1314613
657988
1043680
1430857
1107210
980515
832242
1079614
331147
1208185
1323495
1313536
1149906
1278216
458866
410277
1162979
945389
811267
1082807
136033
811021
1000305
233150
1452899
1362130
1200194
1157289
436322
880056
1080458
1280958
52475
540103
1425543
1235284
677108
334180
314888
611507
595184
55192
1140157
1297521
490246
1537257
903090
856247
1264371
175557
985187
1523518
98533
1303545
35423
270029
115399
1313962
120451
828502
828757
1160574
1340605
1433750
1532475
1013694
1298491
270542
929340
791252
274876
974372
1152445
1359770
527080
151646
493902
1249971
172406
1314298
1417353
1111603
1466083
919616
1054335
1195791
1004745
1469421
759608
261219
527032
1015841
1513469
619462
997156
402324
1314705
1536764
684401
67141
395596
1204708
1028890
1064054
1349453
1267852
976957
84790
956990
188178
1326797
1436073
630408
460962
1487810
1149972
1477375
961985
82026
1273334
1546379
1241066
422167
610398
196948
1240064
685026
400492
793428
988905
591463
1329599
1469051
936762
305962
1344633
1274035
1455059
1026476
1344729
299758
1463365
362201
908399
1419415
1221924
439011
1310258
1188210
1517106
608665
963185
611599
1470679
188472
333923
1398970
1516654
1080483
1278042
911674
837713
391595
112119
508313
942183
19087
1346089
889542
119930
1271902
920771
998145
888951
1542051
1398755
460822
1467209
1283770
354419
1204720
1397352
138909
1471612
948679
297651
862265
1374410
1086876
302083
385796
1244651
1126681
188804
1005663
1288406
1393335
1166602
1260382
494790
1436464
229510
1328472
152998
574965
1061954
416543
1470304
352877
257771
1302234
1255228
1061491
26269
1087646
669834
1001777
519546
538501
528887
699406
1312217
302181
1169625
1505462
1529542
950759
1064220
140175
1316308
1359805
1229277
1270631
295511
1343618
1089791
960129
895394
1427316
639197
174647
1134446
739734
252706
1295835
994000
1147080
449073
1321626
1378787
1498194
1079120
137992
553005
517691
554154
1169143
1270594
1545889
204783
614346
1263738
130698
1551561
842080
797574
1049895
1104400
1373177
513641
1270108
313764
1434899
1100562
1284794
918385
1182918
405204
644148
1175575
454271
77278
1085065
1544070
359379
975897
768469
1057546
1552040
1175956
823579
271016
1466297
1124639
1315749
1352481
594381
1146968
1118251
425489
1363317
405496
1228253
685926
1494202
1025035
511401
133680
1110962
262014
819680
1066927
1226984
645462
1075851
833902
545257
1492368
647330
1489332
1503152
645278
990824
1192073
353482
1329735
820403
1544581
724305
283521
1331319
871020
374629
1093344
219829
813907
1279805
207065
1390228
1050619
1443075
1097847
220649
310839
1054792
484791
1484116
1005183
677153
416238
915409
315905
1431313
1253551
741609
933836
433702
1268044
1466751
1285224
1308602
198301
1530843
1023908
839126
997558
1251788
1492723
625489
1423218
1125863
478222
231028
422381
1200913
498204
577368
459395
1334950
1153780
652576
1040379
400248
1308921
813610
927280
1208646
154892
1539125
1235371
960933
612842
263613
146065
957048
1227094
436070
1508871
1520632
1534992
1036191
1095582
1430472
496221
1095827
1525613
1448811
1332919
1305768
573996
1338985
1498676
1063630
425042
1398775
1444906
1370151
730189
1310026
409150
1310417
1393599
93578
1294397
1279113
1496854
917842
743091
878473
21959
808233
1041076
127423
1014186
1512108
94120
1258552
559439
1028246
1493310
1141509
282470
588323
1168964
791777
323181
951341
1496242
1488364
895189
1050377
995162
1513720
277800
810860
338309
92935
512477
799296
767647
1028846
590071
1259019
1070706
1490641
469786
1144460
310706
1156795
443291
957038
958946
464563
1280694
1234247
395905
1352969
1102378
1445064
130446
456438
1181653
1298006
912934
657558
1006739
518927
1022775
1287560
1503464
572760
413544
1434600
1309266
1002554
336967
164101
778793
213427
29557
44595
971221
1173536
1222632
980597
1338698
1088736
1149954
315183
1404738
631508
336867
1445304
512001
40389
978779
286497
957861
181449
1336728
81277
881142
230710
334414
1220204
1384397
358470
978354
200898
896318
1314230
368524
1202998
748792
538035
1358381
295320
1391114
1220670
997753
956335
80778
1173109
1475298
1110297
1122137
1244075
1228292
205945
596558
1101626
1412653
884019
1099014
488188
1391206
1165106
99389
982799
1072774
1419407
1258834
85851
156737
1372801
898730
209772
1472672
1144363
613189
115135
847137
699808
619476
1377133
1332172
1544802
121037
971040
1267851
52419
135437
412153
1172060
614446
623052
132614
1299186
886919
1060859
1535409
1381294
147490
1424205
1308100
1538054
187536
1143418
332602
784244
1074155
1324762
967297
1000119
1190923
275972
1212200
66912
1291057
1353070
1253611
1331324
1026065
1044181
1028822
1059741
682576
579412
1392456
1311092
612432
367186
1314917
469284
107086
364670
1028113
152781
191146
552245
611363
239444
1534602
751980
93311
222469
318609
884616
351246
207341
1324231
1529761
564016
1189815
233405
758357
786404
772786
1131526
143103
1349249
764986
1013644
1280409
1077267
1540919
626547
296886
1330694
1295499
1132819
1322064
126863
737289
1179946
1218511
703546
370528
593556
1220243
691287
988807
898163
1461381
1014084
982015
1527927
973107
818100
572338
882366
121651
1415762
1374052
1522000
846163
1445051
204113
1450195
1422330
901215
140221
328292
354352
1140248
734506
1212205
352782
204799
1089544
736152
654019
721173
700878
950380
862536
1145498
215519
79497
282583
1346719
1361565
1358186
750697
1445947
308409
91962
1207913
1014250
780579
262049
696507
199089
1249599
269985
981766
1504978
392242
1165896
1190274
807886
239874
375709
1108134
1125263
658735
191401
1039968
947418
43322
1023558
757398
1439202
997716
501690
506461
173417
1320309
1039920
1504005
1508840
358042
537355
1189531
345040
1104044
945122
1044204
654133
281338
267170
619937
1252936
1387232
1405088
938223
670947
782802
1211044
867657
1327571
1305069
555581
1372239
32313
692393
451360
19094
1317771
1036246
1433372
1094261
785877
652168
1548094
894983
1119179
1207403
481085
331124
1029828
427105
326782
1215985
1526993
557987
897764
686241
1310403
179294
1322060
471789
576213
1499339
801464
1064872
302833
952559
1313923
1358337
1094160
636675
1135750
1497838
408821
1198390
1334760
238420
293325
1327500
62073
1389488
59208
236144
1458590
349523
1171504
1093481
1002043
1135493
439633
1326350
997409
416501
969265
216681
101751
1195910
1534479
1190281
1497230
733305
678168
1154152
1174993
902428
643916
843536
1159869
968098
1448544
227632
1037152
1410784
1425281
1336655
1163259
222090
1512272
1291255
1534001
368443
1436259
1201756
971164
692088
1309272
901094
1109003
36431
1306688
23863
492776
1352370
1419289
984654
1229247
448148
745221
1271210
512538
1121075
912345
434938
1434094
1459856
1143110
1145034
469720
292788
1536200
324659
1471861
1108913
1009902
1211478
210310
429147
1312358
667700
198923
94509
177412
900305
694984
445910
1019900
330865
462879
1444251
1350350
1512692
836776
284667
1487831
1133558
1006395
749528
91751
454925
263527
1079988
1428321
41242
101795
1071083
786810
1372862
197943
478658
644692
280853
871382
1291188
873922
342945
406226
687914
1444004
920858
1359401
697133
217322
813226
546649
1115388
474852
380752
1473526
603654
1335164
716074
1311520
1280175
312262
877663
1504774
33552
337052
1287194
917127
792254
1286264
1316664
863720
287001
717484
1156926
1057354
1490053
210378
1262791
581928
939592
1160813
1076884
225067
242625
420148
1099516
121351
1482910
629750
358480
928863
809110
1160986
1529246
312157
1062848
711754
1351662
551500
57232
1340150
1517549
801731
495997
498908
1517039
939841
1074687
791725
124464
1200523
1366638
1534288
136557
267556
1242631
1456342
479438
1166451
231510
1103438
1149199
269207
1509434
1396873
1094828
1477729
352191
146181
48329
166559
530815
1546412
1091890
128902
1289490
192130
841122
1169746
1039984
1216241
23939
625263
189537
232793
1544102
150347
124877
1417942
1513759
84538
1264640
1017603
666484
1495162
676156
883123
1225488
1193977
1462686
65436
526019
244343
352520
1188730
61364
586129
527591
1020381
770377
1394057
536129
973718
197007
116356
487807
773913
927933
1476560
1418154
925277
1221067
1400551
1530654
871321
1365461
149030
1481981
70638
1183585
1054784
363020
1230839
18403
1082380
664018
1154510
1387321
1042540
1511613
798788
819424
1015856
1346222
327573
924892
586723
610328
373590
86657
1018943
1509909
1286965
1197417
1514936
1316146
940358
425586
1296777
465742
281871
1101524
669055
483792
1191548
542995
1497810
1361405
990497
1542225
148736
1360188
1095304
1218317
391473
1233824
1401421
982274
580015
443928
1361187
1343235
980838
1226852
1436961
778180
1205760
442609
989580
1458163
1415674
268961
891705
1015403
1278569
408314
288287
615080
390771
1051756
457576
938091
1355667
1444036
1255018
1329800
885374
126777
1516615
1282047
346673
1017617
1445122
969802
461826
1488599
697912
309880
418693
1461013
1326164
184153
978846
215208
1288106
1057845
846032
200213
1089404
717721
1493631
1542719
357873
175112
439484
858912
973529
81618
835521
821842
1303727
724024
673275
235079
486234
932654
1412298
946964
1418548
599942
1277243
399176
1310968
1282780
357955
1204525
815442
1256385
563534
1106916
1487363
982282
1326656
1517642
54492
412794
489354
79552
1384170
1405016
698685
789045
264867
1142473
416631
99445
621460
695167
1529744
604875
243961
548490
1142458
1378440
442143
1230298
306150
969926
1517843
1522843
989764
1431068
167362
1357575
1355792
1059332
1348176
281834
1308993
1206862
276651
1442656
1505188
64153
1482433
776206
1359444
74408
516717
813884
308254
1287923
989575
598476
972151
455973
1461162
442655
1120263
1412457
862098
800504
525406
48751
659774
1125809
1432302
977583
1143431
1284557
1317980
1333363
234555
308342
1547512
104661
109871
